SOURCE_RAIL RoadStructure__StaticProp___Info___MAP___RAILROAD_TUNNEL__13629___0ed9f2fa0923d2ce
  bounds_min=(2648.297119140625, 765.2125854492188, 0.18074363470077515)
  bounds_max=(2655.269287109375, 772.1845703125, 5.18074369430542)
SOURCE_RAIL RoadStructure__StaticProp___RAILS___MAP___RAILROAD__9028___171a9aabb68f626b
  bounds_min=(-229.7478485107422, 764.3028564453125, 0.14373666048049927)
  bounds_max=(2657.7099609375, 2745.152587890625, 0.31472426652908325)
SOURCE_RAIL RoadStructure__StaticProp___Info___MAP___RAILROAD_TUNNEL__33123___66ba413b8915964c
  bounds_min=(50.539913177490234, 2546.617431640625, 0.08130926638841629)
  bounds_max=(57.51186752319336, 2553.58935546875, 5.0813093185424805)
SOURCE_RAIL RoadStructure__StaticProp___PLANKS___MAP___RAILROAD__17622___672fd8c4cabe55d7
  bounds_min=(411.6566467285156, 1122.2098388671875, 0.10652212798595428)
  bounds_max=(2135.114013671875, 2304.554931640625, 0.2909848392009735)
SOURCE_RAIL RoadStructure__Road___RAILROAD_TUNNEL___MAP___MESH__3478___a04e20348ea38795
  bounds_min=(-223.92117309570312, 763.19873046875, -0.4176553189754486)
  bounds_max=(2658.67626953125, 2741.554443359375, 7.846602439880371)
SOURCE_RAIL RoadStructure__Road___RAILROAD___MAP___MESH__12919___f9e8ff9594c5005a
  bounds_min=(-230.5045166015625, 763.1992797851562, 0.08904314041137695)
  bounds_max=(2658.44482421875, 2746.224365234375, 0.14379805326461792)
SOURCE_GROUND_NEAR_DEFECT GroundCandidate__Field___Fields___MAP___TERRAIN_OBJ__6732___33abbab40be67c8a
  bounds_min=(-2459.3076171875, -1605.1224365234375, -5.20396089553833)
  bounds_max=(3117.68310546875, 2646.760498046875, 80.78482055664062)
SOURCE_GROUND_NEAR_DEFECT GroundCandidate__StaticProp___4tie___MAP___TERRAIN_OBJ__9184___386ba51bd8d3e480
  bounds_min=(-1598.1221923828125, -645.3414306640625, -6.718519687652588)
  bounds_max=(2398.7841796875, 2467.38427734375, 17.933101654052734)
SOURCE_GROUND_NEAR_DEFECT GroundCandidate__VegetationGrass___Grass1___MAP___TERRAIN_OBJ__11640___43839e233bd4e0c1
  bounds_min=(-2176.701904296875, -956.87158203125, -24.580495834350586)
  bounds_max=(2740.447509765625, 2901.54833984375, 80.1587142944336)
SOURCE_GROUND_NEAR_DEFECT GroundCandidate__VegetationGrass___Grass2___MAP___TERRAIN_OBJ__29099___57504a4ac4413e6b
  bounds_min=(-2075.12841796875, -956.87158203125, -24.580495834350586)
  bounds_max=(2740.447509765625, 2843.12109375, 80.78482055664062)
SOURCE_GROUND_NEAR_DEFECT GroundCandidate__Terrain___TERRAINOUT___MAP___MESH__16706___5fab2cb4612b5fbf
  bounds_min=(-3726.59423828125, -2908.53173828125, -8.571191787719727)
  bounds_max=(4278.451171875, 4199.83447265625, 25.90148162841797)
OBJECT RAILWAY_REFERENCE
  bounds_min=(-230.5045166015625, 763.19873046875, -0.4176553189754486)
  bounds_max=(2658.67626953125, 2746.224365234375, 7.846602439880371)
REGION center=(188.0, 2460.0) radius=64m min_z=1.332196 max_z=11.426599 median_z=10.406858
REGION center=(144.0, 2488.0) radius=64m min_z=0.704422 max_z=11.426599 median_z=10.632673
PROFILE axis=x fixed=2460.0 values=[(80.0, 6.701056480407715), (84.0, 7.003974914550781), (88.0, 7.403487205505371), (92.0, 7.659469127655029), (96.0, 7.967443943023682), (100.0, 8.247034072875977), (104.0, 8.508508682250977), (108.0, 8.822074890136719), (112.0, 9.05827522277832), (116.0, 9.258692741394043), (120.0, 9.483213424682617), (124.0, 9.693918228149414), (128.0, 9.822925567626953), (132.0, 9.98705768585205), (136.0, 10.17993450164795), (140.0, 10.347609519958496), (144.0, 10.468093872070312), (148.0, 10.559700012207031), (152.0, 10.609367370605469), (156.0, 10.671586036682129), (160.0, 10.845497131347656), (164.0, 10.772762298583984), (168.0, 10.650421142578125), (172.0, 10.533194541931152), (176.0, 10.383472442626953), (180.0, 10.263045310974121), (184.0, 10.302522659301758), (188.0, 10.258679389953613), (192.0, 10.262014389038086), (196.0, 10.258423805236816), (200.0, 10.239513397216797), (204.0, 10.2167329788208), (208.0, 10.176661491394043), (212.0, 10.124837875366211), (216.0, 10.030990600585938), (220.0, 10.028128623962402), (224.0, 10.167287826538086), (228.0, 10.178110122680664), (232.0, 10.103910446166992), (236.0, 10.060283660888672), (240.0, 10.027796745300293), (244.0, 9.904443740844727), (248.0, 9.704748153686523), (252.0, 9.468378067016602), (256.0, 9.189223289489746), (260.0, 9.118578910827637), (264.0, 9.108953475952148), (268.0, 9.095247268676758), (272.0, 9.062848091125488), (276.0, 8.943930625915527), (280.0, 8.847044944763184)]
PROFILE axis=y fixed=188.0 values=[(2360.0, -1.7476388216018677), (2364.0, -1.7075014114379883), (2368.0, -1.6673684120178223), (2372.0, -1.6268035173416138), (2376.0, -1.5679699182510376), (2380.0, -1.2865694761276245), (2384.0, -0.43404945731163025), (2388.0, 0.4463988244533539), (2392.0, 1.122241735458374), (2396.0, 1.7788426876068115), (2400.0, 2.6684820652008057), (2404.0, 3.615720748901367), (2408.0, 4.559328556060791), (2412.0, 5.346950531005859), (2416.0, 5.300788879394531), (2420.0, 5.671632766723633), (2424.0, 6.321671009063721), (2428.0, 6.991868019104004), (2432.0, 7.662411212921143), (2436.0, 8.331415176391602), (2440.0, 8.958857536315918), (2444.0, 9.24645709991455), (2448.0, 9.864075660705566), (2452.0, 10.552613258361816), (2456.0, 10.032565116882324), (2460.0, 10.258679389953613), (2464.0, 10.579320907592773), (2468.0, 10.931201934814453), (2472.0, 11.106273651123047), (2476.0, 11.270901679992676), (2480.0, 11.29456615447998), (2484.0, 11.309791564941406), (2488.0, 11.325308799743652), (2492.0, 11.3316650390625), (2496.0, 11.301054000854492), (2500.0, 11.258761405944824), (2504.0, 11.229161262512207), (2508.0, 11.202736854553223), (2512.0, 11.183024406433105), (2516.0, 11.165828704833984), (2520.0, 11.149848937988281), (2524.0, 11.13397216796875), (2528.0, 11.118119239807129), (2532.0, 11.102272033691406), (2536.0, 11.086418151855469), (2540.0, 11.07060718536377), (2544.0, 11.056326866149902), (2548.0, 11.054171562194824), (2552.0, 11.055394172668457), (2556.0, 11.056896209716797), (2560.0, 11.058419227600098), (2564.0, 11.059929847717285), (2568.0, 11.061450958251953), (2572.0, 11.062965393066406), (2576.0, 11.064484596252441), (2580.0, 11.065999984741211)]
LOW_REGION_NEAR_PORTAL portal=(54.0259, 2550.1034) count=16 x=(460.000, 536.000) y=(2456.000, 2460.000) z=(-7.529, -5.057)
LOW_REGION_NEAR_PORTAL portal=(2651.7832, 768.6986) count=312 x=(2488.000, 2680.000) y=(172.000, 208.000) z=(-11.702, -5.021)
